 -----.-.------------.--.----------------------
   ## |I|  Struct. 2 |HS|   ASA    BSA  DeltaG
 -----+-+------------+--+----------------------
    1 |s| E:GLN   5  |  | 193.79   0.00   0.00
    2 |s| E:TYR   6  |  |  20.52   0.00   0.00
    3 |s| E:PRO   7  |  |  49.36   0.00   0.00
    4 |s| E:ILE   8  |  |  78.44   0.00   0.00
    5 |s| E:ILE   9  |  |  20.75   0.00   0.00
    6 |s| E:ASN  10  |  |  99.82   0.00   0.00
    7 |s| E:PHE  11  |  |  26.83   0.00   0.00
    8 |s| E:THR  12  |  |  53.10   0.00   0.00
    9 |s| E:THR  13  |  |   0.98   0.00   0.00
   10 |s| E:ALA  14  |  |  39.58   0.00   0.00
   11 |s| E:GLY  15  |  |  69.62   0.00   0.00
   12 |s| E:ALA  16  |  |  22.43   0.00   0.00
   13 |s| E:THR  17  |  |  70.60   0.00   0.00
   14 |s| E:VAL  18  |  |  36.04   0.00   0.00
   15 |s| E:GLN  19  |  | 117.22   0.00   0.00
   16 |s| E:SER  20  |  |  28.77   0.00   0.00
   17 |s| E:TYR  21  |  |   8.13   0.00   0.00
   18 |s| E:THR  22  |  |  17.04   0.00   0.00
   19 |s| E:ASN  23  |  |  78.58   0.00   0.00
   20 |s| E:PHE  24  |  |  10.17   0.00   0.00
   21 | | E:ILE  25  |  |   0.00   0.00   0.00
   22 |s| E:ARG  26  |  | 144.91   0.00   0.00
   23 |s| E:ALA  27  |  |  48.55   0.00   0.00
   24 |s| E:VAL  28  |  |   0.17   0.00   0.00
   25 |s| E:ARG  29  |  |  29.55   0.00   0.00
   26 |s| E:GLY  30  |  |  53.26   0.00   0.00
   27 |s| E:ARG  31  |  | 151.53   0.00   0.00
   28 |s| E:LEU  32  |  |   3.40   0.00   0.00
   29 |s| E:THR  33  |  |  27.14   0.00   0.00
   30 |s| E:THR  34  |  |  81.70   0.00   0.00
   31 |s| E:GLY  35  |  |  46.24   0.00   0.00
   32 |s| E:ALA  36  |  |  94.84   0.00   0.00
   33 |s| E:ASP  37  |  |  39.22   0.00   0.00
   34 |s| E:VAL  38  |  |  70.98   0.00   0.00
   35 |s| E:ARG  39  |  |   5.75   0.00   0.00
   36 |s| E:HIS  40  |  |  62.50   0.00   0.00
   37 |s| E:GLU  41  |  | 122.22   0.00   0.00
   38 |s| E:ILE  42  |  |   1.67   0.00   0.00
   39 |s| E:PRO  43  |  |  42.37   0.00   0.00
   40 |s| E:VAL  44  |  |   0.24   0.00   0.00
   41 |s| E:LEU  45  |  |   1.24   0.00   0.00
   42 |s| E:PRO  46  |  |  16.98   0.00   0.00
   43 |s| E:ASN  47  |  |  51.25   0.00   0.00
   44 |s| E:ARG  48  |  |  95.81   0.00   0.00
   45 |s| E:VAL  49  |  | 124.48   0.00   0.00
   46 |s| E:GLY  50  |  |  65.41   0.00   0.00
   47 |s| E:LEU  51  |  |  36.51   0.00   0.00
   48 |s| E:PRO  52  |  |  69.28   0.00   0.00
   49 |s| E:ILE  53  |  |  48.18   0.00   0.00
   50 |s| E:ASN  54  |  | 121.54   0.00   0.00
   51 |s| E:GLN  55  |  | 115.44   0.00   0.00
   52 |s| E:ARG  56  |  |  17.42   0.00   0.00
   53 |s| E:PHE  57  |  |   5.21   0.00   0.00
   54 |s| E:ILE  58  |  |   2.99   0.00   0.00
   55 |s| E:LEU  59  |  |  20.26   0.00   0.00
   56 |s| E:VAL  60  |  |   0.50   0.00   0.00
   57 |s| E:GLU  61  |  |  41.98   0.00   0.00
   58 |s| E:LEU  62  |  |   1.83   0.00   0.00
   59 |s| E:SER  63  |  |  36.35   0.00   0.00
   60 |s| E:ASN  64  |  |   5.28   0.00   0.00
   61 |I| E:HIS  65  |  | 127.60  27.75  -0.03
   62 |I| E:ALA  66  |H |  59.50  48.38   0.47
   63 |I| E:GLU  67  |  | 147.67  22.96   0.37
   64 |s| E:LEU  68  |  |  32.46   0.00   0.00
   65 |s| E:SER  69  |  |  34.24   0.00   0.00
   66 |s| E:VAL  70  |  |   2.01   0.00   0.00
   67 |s| E:THR  71  |  |   3.93   0.00   0.00
   68 |s| E:LEU  72  |  |   6.37   0.00   0.00
   69 | | E:ALA  73  |  |   0.00   0.00   0.00
   70 |s| E:LEU  74  |  |   1.18   0.00   0.00
   71 |s| E:ASP  75  |  |   5.65   0.00   0.00
   72 |s| E:VAL  76  |  |   6.03   0.00   0.00
   73 |s| E:THR  77  |  |   5.01   0.00   0.00
   74 |s| E:ASN  78  |  |  45.83   0.00   0.00
   75 |s| E:ALA  79  |  |   0.12   0.00   0.00
   76 |s| E:TYR  80  |  |  28.24   0.00   0.00
   77 |s| E:VAL  81  |  |   5.63   0.00   0.00
   78 |s| E:VAL  82  |  |  20.25   0.00   0.00
   79 |s| E:GLY  83  |  |   2.00   0.00   0.00
   80 |s| E:TYR  84  |  |   1.43   0.00   0.00
   81 |s| E:ARG  85  |  |  61.84   0.00   0.00
   82 |s| E:ALA  86  |  |   1.96   0.00   0.00
   83 |s| E:GLY  87  |  |  35.55   0.00   0.00
   84 |s| E:ASN  88  |  |  74.52   0.00   0.00
   85 |s| E:SER  89  |  |  15.27   0.00   0.00
   86 | | E:ALA  90  |  |   0.00   0.00   0.00
   87 |s| E:TYR  91  |  |  16.52   0.00   0.00
   88 |s| E:PHE  92  |  |   1.11   0.00   0.00
   89 |s| E:PHE  93  |  |  14.04   0.00   0.00
   90 |s| E:HIS  94  |  |  97.89   0.00   0.00
   91 |s| E:PRO  95  |  |  27.65   0.00   0.00
   92 |s| E:ASP  96  |  | 122.25   0.00   0.00
   93 |s| E:ASN  97  |  |  57.94   0.00   0.00
   94 |s| E:GLN  98  |  | 148.46   0.00   0.00
   95 |s| E:GLU  99  |  | 114.23   0.00   0.00
   96 |s| E:ASP 100  |  |  16.18   0.00   0.00
   97 |s| E:ALA 101  |  |  35.48   0.00   0.00
   98 |s| E:GLU 102  |  | 100.77   0.00   0.00
   99 |s| E:ALA 103  |  |   4.87   0.00   0.00
  100 |s| E:ILE 104  |  |  19.26   0.00   0.00
  101 |s| E:THR 105  |  |  75.01   0.00   0.00
  102 |s| E:HIS 106  |  |  79.34   0.00   0.00
  103 |s| E:LEU 107  |  |  11.66   0.00   0.00
  104 |s| E:PHE 108  |  |   7.37   0.00   0.00
  105 |s| E:THR 109  |  |  95.06   0.00   0.00
  106 |s| E:ASP 110  |  | 109.72   0.00   0.00
  107 |s| E:VAL 111  |  |  13.07   0.00   0.00
  108 |s| E:GLN 112  |  | 144.10   0.00   0.00
  109 |s| E:ASN 113  |  |  59.89   0.00   0.00
  110 |s| E:ARG 114  |  |  85.24   0.00   0.00
  111 |s| E:TYR 115  |  | 101.15   0.00   0.00
  112 |s| E:THR 116  |  |  82.61   0.00   0.00
  113 |s| E:PHE 117  |  |  30.83   0.00   0.00
  114 |s| E:ALA 118  |  |  95.27   0.00   0.00
  115 |s| E:PHE 119  |  |  33.35   0.00   0.00
  116 |s| E:GLY 120  |  |  17.53   0.00   0.00
  117 |s| E:GLY 121  |  |   9.13   0.00   0.00
  118 |s| E:ASN 122  |  |  77.87   0.00   0.00
  119 |s| E:TYR 123  |  |  16.75   0.00   0.00
  120 |s| E:ASP 124  |  | 101.14   0.00   0.00
  121 |s| E:ARG 125  |  |  91.69   0.00   0.00
  122 |s| E:LEU 126  |  |   1.51   0.00   0.00
  123 |s| E:GLU 127  |  |  20.76   0.00   0.00
  124 |I| E:GLN 128  |  | 101.71   0.97  -0.01
  125 |I| E:LEU 129  |  |  37.53   2.94  -0.03
  126 |I| E:ALA 130  |  |   3.86   3.86  -0.04
  127 |I| E:GLY 131  |H |  60.21  33.80   0.18
  128 |I| E:ASN 132  |H |  57.64  51.54  -0.60
  129 |s| E:LEU 133  |  |  93.59   0.00   0.00
  130 |s| E:ARG 134  |  |   6.58   0.00   0.00
  131 |I| E:GLU 135  |H |  72.71   9.86  -0.11
  132 |I| E:ASN 136  |H | 108.59  76.09  -0.38
  133 |I| E:ILE 137  |  |   8.68   8.68   0.14
  134 |I| E:GLU 138  |H |  72.64  58.39  -0.13
  135 |s| E:LEU 139  |  |   1.84   0.00   0.00
  136 |s| E:GLY 140  |  |   1.00   0.00   0.00
  137 |s| E:ASN 141  |  |  44.44   0.00   0.00
  138 |I| E:GLY 142  |H |  31.51  11.83   0.18
  139 |I| E:PRO 143  |  |   7.09   6.09   0.06
  140 |s| E:LEU 144  |  |  12.97   0.00   0.00
  141 |I| E:GLU 145  |  |  26.83  14.36   0.17
  142 |I| E:GLU 146  |H | 114.19 110.26   0.00
  143 |I| E:ALA 147  |  |   3.91   3.91   0.04
  144 |s| E:ILE 148  |  |   1.17   0.00   0.00
  145 |I| E:SER 149  |  |  10.66   3.26   0.05
  146 |I| E:ALA 150  |  |  10.45  10.45   0.16
  147 |s| E:LEU 151  |  |   1.86   0.00   0.00
  148 |s| E:TYR 152  |  |  68.97   0.00   0.00
  149 |I| E:TYR 153  |  | 111.64  65.76   0.83
  150 |s| E:TYR 154  |  |  43.81   0.00   0.00
  151 |s| E:SER 155  |  |  32.64   0.00   0.00
  152 |I| E:THR 156  |H |  92.34  46.17   0.09
  153 |I| E:GLY 157  |  |  59.02   4.16   0.01
  154 |I| E:GLY 158  |  |  66.77  50.43   0.17
  155 |I| E:THR 159  |  |  26.50  18.54   0.30
  156 |I| E:GLN 160  |  | 124.73  61.75  -0.76
  157 |s| E:LEU 161  |  |  61.21   0.00   0.00
  158 |I| E:PRO 162  |  |  41.95  20.03   0.32
  159 |I| E:THR 163  |H |  36.81  36.81   0.31
  160 |s| E:LEU 164  |  |   1.35   0.00   0.00
  161 |s| E:ALA 165  |  |   2.68   0.00   0.00
  162 |I| E:ARG 166  |HS|  86.26  86.26  -3.30
  163 |I| E:SER 167  |  |   4.57   4.57  -0.03
  164 |s| E:PHE 168  |  |  11.73   0.00   0.00
  165 | | E:ILE 169  |  |   0.00   0.00   0.00
  166 |I| E:ILE 170  |  |  16.45  16.45   0.26
  167 |s| E:CYS 171  |  |   1.84   0.00   0.00
  168 |s| E:ILE 172  |  |   0.34   0.00   0.00
  169 |s| E:GLN 173  |  |   1.15   0.00   0.00
  170 |s| E:MET 174  |  |   6.55   0.00   0.00
  171 |s| E:ILE 175  |  |   5.62   0.00   0.00
  172 |s| E:SER 176  |  |   0.67   0.00   0.00
  173 | | E:GLU 177  |  |   0.00   0.00   0.00
  174 | | E:ALA 178  |  |   0.00   0.00   0.00
  175 |s| E:ALA 179  |  |   0.50   0.00   0.00
  176 |s| E:ARG 180  |  |  12.52   0.00   0.00
  177 | | E:PHE 181  |  |   0.00   0.00   0.00
  178 |s| E:GLN 182  |  |  67.74   0.00   0.00
  179 |s| E:TYR 183  |  |  55.55   0.00   0.00
  180 |s| E:ILE 184  |  |   1.99   0.00   0.00
  181 |s| E:GLU 185  |  |   5.64   0.00   0.00
  182 |s| E:GLY 186  |  |  24.19   0.00   0.00
  183 |s| E:GLU 187  |  |  23.66   0.00   0.00
  184 |s| E:MET 188  |  |   2.67   0.00   0.00
  185 |s| E:ARG 189  |  |  68.44   0.00   0.00
  186 |s| E:THR 190  |  |  56.51   0.00   0.00
  187 |s| E:ARG 191  |  |  23.23   0.00   0.00
  188 |s| E:ILE 192  |  |  28.50   0.00   0.00
  189 |s| E:ARG 193  |  |  95.70   0.00   0.00
  190 |s| E:TYR 194  |  | 154.97   0.00   0.00
  191 |s| E:ASN 195  |  | 134.16   0.00   0.00
  192 |s| E:ARG 196  |  | 173.71   0.00   0.00
  193 |I| E:ARG 197  |H | 134.58  76.14  -0.88
  194 |I| E:SER 198  |  |  46.45   1.00   0.02
  195 |I| E:ALA 199  |  |  30.36  12.48   0.11
  196 |s| E:PRO 200  |  |   5.34   0.00   0.00
  197 |s| E:ASP 201  |  |  32.09   0.00   0.00
  198 |s| E:PRO 202  |  |  44.94   0.00   0.00
  199 |s| E:SER 203  |  |   6.87   0.00   0.00
  200 |s| E:VAL 204  |  |   2.18   0.00   0.00
  201 |s| E:ILE 205  |  |  21.59   0.00   0.00
  202 |s| E:THR 206  |  |  30.96   0.00   0.00
  203 |s| E:LEU 207  |  |   6.16   0.00   0.00
  204 |s| E:GLU 208  |  |   9.20   0.00   0.00
  205 |s| E:ASN 209  |  |  82.23   0.00   0.00
  206 |s| E:SER 210  |  |   8.46   0.00   0.00
  207 |s| E:TRP 211  |  |  13.96   0.00   0.00
  208 |s| E:GLY 212  |  |  20.57   0.00   0.00
  209 |s| E:ARG 213  |  | 153.59   0.00   0.00
  210 |s| E:LEU 214  |  |   1.00   0.00   0.00
  211 | | E:SER 215  |  |   0.00   0.00   0.00
  212 |s| E:THR 216  |  |  40.08   0.00   0.00
  213 |s| E:ALA 217  |  |  14.69   0.00   0.00
  214 | | E:ILE 218  |  |   0.00   0.00   0.00
  215 |s| E:GLN 219  |  |   2.22   0.00   0.00
  216 |s| E:GLU 220  |  | 114.44   0.00   0.00
  217 |s| E:SER 221  |  |  10.16   0.00   0.00
  218 |s| E:ASN 222  |  |  99.26   0.00   0.00
  219 |s| E:GLN 223  |  | 166.47   0.00   0.00
  220 |s| E:GLY 224  |  |   6.69   0.00   0.00
  221 |s| E:ALA 225  |  |  46.94   0.00   0.00
  222 |s| E:PHE 226  |  |  18.37   0.00   0.00
  223 |s| E:ALA 227  |  |  87.43   0.00   0.00
  224 |s| E:SER 228  |  |  65.17   0.00   0.00
  225 |s| E:PRO 229  |  |  64.30   0.00   0.00
  226 |s| E:ILE 230  |  |  19.09   0.00   0.00
  227 |s| E:GLN 231  |  | 104.14   0.00   0.00
  228 |s| E:LEU 232  |  |  10.75   0.00   0.00
  229 |s| E:GLN 233  |  |  52.54   0.00   0.00
  230 |s| E:ARG 234  |  | 116.44   0.00   0.00
  231 |s| E:ARG 235  |  | 172.49   0.00   0.00
  232 |s| E:ASN 236  |  | 113.62   0.00   0.00
  233 |s| E:GLY 237  |  |  21.02   0.00   0.00
  234 |s| E:SER 238  |  |  41.68   0.00   0.00
  235 |s| E:LYS 239  |  | 135.35   0.00   0.00
  236 |s| E:PHE 240  |  |  66.53   0.00   0.00
  237 |s| E:SER 241  |  |  26.98   0.00   0.00
  238 |s| E:VAL 242  |  |   0.50   0.00   0.00
  239 |s| E:TYR 243  |  | 140.11   0.00   0.00
  240 |s| E:ASP 244  |  |  50.95   0.00   0.00
  241 |s| E:VAL 245  |  |   4.19   0.00   0.00
  242 |s| E:SER 246  |  |  67.66   0.00   0.00
  243 |s| E:ILE 247  |  |  82.90   0.00   0.00
  244 |s| E:LEU 248  |  |   3.36   0.00   0.00
  245 |s| E:ILE 249  |  |  62.82   0.00   0.00
  246 |s| E:PRO 250  |  |  91.07   0.00   0.00
  247 |s| E:ILE 251  |  |  44.18   0.00   0.00
  248 |s| E:ILE 252  |  |   2.88   0.00   0.00
  249 |s| E:ALA 253  |  |   9.25   0.00   0.00
  250 |s| E:LEU 254  |  |   2.18   0.00   0.00
  251 | | E:MET 255  |  |   0.00   0.00   0.00
  252 |s| E:VAL 256  |  |  33.82   0.00   0.00
  253 |s| E:TYR 257  |  |  53.28   0.00   0.00
  254 |s| E:ARG 258  |  | 111.43   0.00   0.00
  255 |s| E:CYS 259  |  |  37.67   0.00   0.00
  256 |s| E:ALA 260  |  |  73.33   0.00   0.00
  257 |s| E:PRO 261  |  |  77.33   0.00   0.00
  258 |s| E:PRO 262  |  |  74.72   0.00   0.00
  259 |s| E:PRO 263  |  | 185.84   0.00   0.00
 -----'-'------------'--'----------------------
